808
2111>ss mit ,81181188 namneus. Franks.

8883Ι 67 884688 46887 88183

· = 6 67 39 46 30 4618818. 118788
- 6886 48 2 47¹ 4 89189
68 36 47 88471880· 11888
6988 48 48 47 888 9988
6938 4888 488818. 118813 7
70 948384888 98884γ
7086 49 4 49888 118818
70 81849 88 49 b. 16 118818.

887 9483088 9887
834 30 83 3018 7 ib. pen.
'210 038 0888 9304
,8,83 84 8887118881
¹.2vlt.v 888 8883 941880
383 848888 11887
334 214 2b·14 9888
-48 38 384 961
515 314· 3184 11884ἶ
680338 38880 11888
⁶39 488 4⁸·15 972&
784 430 488 118880
883 33 386 98880
980, 383 31888 11887
801· 948. 5²¹3 99b·7
086 68368818. 11884
114 638 683 800188
387808873789118814
883 783718. 83 80888
36 748 7088 1188814
338 883 8183 80883
488 833 888 11889
436 96 9883 80388

..⁴⁵⁴
*8

²2

- 3
4

, ’ἓ
1.

9

0

,ἶ 41⁴³

-- u·

a ,ο --
sssoooq mmgsni-›jo ..-

eeq osto-smum

 

