220 l
. Lips.. 12211. Aldina· 3211Ιὲ2221 11222126

402 24228 267332231223 323 b.3
3 43 pen. 168 6 .. 25c.18 11222 }
4 4426 ι68 24 26122 32429 1
,Α 3 4323 68222. 2628 112 (1.7 1
6 4533 69 26 27 223 32328
. 7 4623 6934 671229 312212
8 46212. 270 8 28 24 326 29
9 4720 7019 281222 212418
, 47 40 70 pen. 28 c. ant. 327122
- 4822 72 28 29123 11222
48 9222272 36 29 c. ¹4 32812. 5
4924 7220 230 2. 27 11222
230 2 72 28· 30 c. 3 329122
3 pem 72 vlt. 322 7 1122120
22 27 7229 32 b· ¹5 39969
32227332 ’ 31cpen, 112413 ⁴
5237‘ 749 32b·8 33¹b·1
. . 3329 7429 322. 23 104120
,2 34 6 73 6 332202. 332122
¹ 5430 75 25 3303 16219
22 7 72414. 3449 23223
3336 7629 34129242 11222 3
- . 5⁶23 77 ⁶ 3333 334 1>-6
¹ 56 vlt. 7723 331222 11223 1
2794 77222· 92 c· 29 322 122 ‘
38 2 7820 36123 11229
8 22 2¹ 78 99 36 2· 22 33622
9 18407912.37“·11 ··
430 5920 793¹ 37⁰· Ιχ. ·
ἱ 2 39392804· 38223 .
· 2 26024 8023 381222
3 61 2 8042 38 c. 17 ..
· 4 6232 82 14 39 b. 2 339427
3 6226 812 33 39 e. 8 11223
Lip-

 

