211.
,1141 ’1411111116 6111411 1141111.

¹ 436 16071111. 180 7 040614 340117
7 6323 8006 40161111. ib.e.4
8 6340 1 8113111. 4164 341166
9 '64pen, 8317 41169 11167

4396111 8131 41616 84161 ·

1 668 849 406111. 11660
2 66 31 8418 4166 343111

8 6716 ι 84111. 43610 116119 =

46116 8119 431114 14418
ς 6810 85 37¹ 43 c. 1111. ib.d.6
6.‘6835 86 91 44b. 0 34764
7 6918 8608 4467 11660

80704871 47610 116116,

9 7024 8119 41 b· 11 14661

419 111 8139 1611 161111·’

1 7107, 88 10 4611111 34166
7 73. 1 191 1 3701. 10 541 1
Ι8 7418 , 91 17 701). 9 11167
9 75 20 9¹ 35 72⁰· ¹¹ 542t3
460 7616 90 11 36361111. 11161
¹ 77¹5 91 30 ⁶32¹ 14313
0 780 93 3 64³.8 1b.c.9
, '3 7914 93 01 641110 744611
,4 2807 93 39 64111 ib·0·7

5 817 9411 6761111. ib. vlt..

⁶ 824 9428 ⁶51³·v1t· 14111
7 8315 97 0 6666 ¹ib, vlt.

8 840 9520 ,66168 74669

98430 95 38 ⁶⁶88 14761 ’

470 8617 9610 671117 11867

1 868111. 96 07 67 halt( ib.f.2 ·

1 8116 911 6813 14141
3 8819 9119 ’.6881 1881

4 898 97 87 6801987ξρ7

1 x 1
1

 

