·· 1⁴be Wis· 31111133 Babl. χ33333136
' 43330 339313. 91 33 90 a. 16 336736,

5 311 931 3133344721· '

6 ι3 933 333 ib·4· ,
7 330 9322 3b.15. 935,
, 938 93 pen. 3c.vlt. ib f. 3.
433 9433 436 434
9433 4333 3363.

9333 3339 ,333

,9333 333· 3333

969 638 633.

96 33 61335 ibe. 10.

96 43 63313, 71330.
9334 334 3333,
9333 333 8b.6
986 8333 ib.e..3
9825 3333 933
994 933 333.
9933 93348933

99 ant. 9c. 16 313 e. 7. ·

30037 pompeo. 1b.7.

300 36 3037 31334.

433 333 ,3333 3136,
521 132 1b..ant 31336.
54333, 34 9134 3138
· 638 223 2b.8 ib..e7.

’734 ²42 3334 4135, ·

250 739 3¹⁶ 3a.18 nb..e2.
¹ 823 333 333 334.
3 94 436 436 11333, .
3· .93o 434 41330 6133
κ 4 35035 59 4335313,.316
5 509333. 598 53,,9333 7..,330
6 334 62 535 ib...d7 ,’
7 33 621 638 838 ·

Ppppp 3 ’ 333

 

